<?xml version="1.0" encoding="utf-8"?>
<COLLADA xmlns="http://www.collada.org/2005/11/COLLADASchema" version="1.4.1">
  <asset>
    <contributor>
      <author>Mixamo</author>
      <authoring_tool>COLLADA Mixamo exporter</authoring_tool>
      <comments/>
    </contributor>
    <created>2024-06-04T21:07:17Z</created>
    <modified>2024-06-04T21:07:17Z</modified>
    <revision/>
    <title/>
    <unit meter="0.010000"/>
    <up_axis>Y_UP</up_axis>
  </asset>
  <library_animations>
    <animation id="mixamorig_Hips-anim" name="mixamorig_Hips">
      <source id="mixamorig_Hips-Matrix-animation-input">
        <float_array id="mixamorig_Hips-Matrix-animation-input-array" count="43">

0.000000 0.033333 0.066667 0.100000 0.133333 0.166667 0.200000 0.233333 0.266667 0.300000 0.333333 0.366667 0.400000 0.433333 0.466667 0.500000
0.533333 0.566667 0.600000 0.633333 0.666667 0.700000 0.733333 0.766667 0.800000 0.833333 0.866667 0.900000 0.933333 0.966667 1.000000 1.033333
1.066667 1.100000 1.133333 1.166667 1.200000 1.233333 1.266667 1.300000 1.333333 1.366667 1.400000</float_array>
        <technique_common>
          <accessor source="#mixamorig_Hips-Matrix-animation-input-array" count="43">
            <param name="TIME" type="float"/>
          </accessor>
        </technique_common>
      </source>
      <source id="mixamorig_Hips-Matrix-animation-output-transform">
        <float_array id="mixamorig_Hips-Matrix-animation-output-transform-array" count="688">

0.877467 0.034025 -0.478429 -0.913528 0.069468 0.977948 0.196957 100.427284 0.474581 -0.206058 0.855753 1.074129 0.000000 0.000000 0.000000 1.000000
0.881789 0.032067 -0.470553 -0.667664 0.065595 0.979652 0.189684 99.495903 0.467061 -0.198127 0.861742 1.514772 0.000000 0.000000 0.000000 1.000000
0.886520 0.030862 -0.461660 -0.343584 0.060758 0.981368 0.182277 98.387611 0.458684 -0.189642 0.868127 1.853731 0.000000 0.000000 0.000000 1.000000
0.891537 0.031617 -0.451843 0.038672 0.054159 0.982963 0.175644 97.088280 0.449698 -0.181065 0.874635 2.062809 0.000000 0.000000 0.000000 1.000000
0.897335 0.032832 -0.440127 0.434998 0.046950 0.984470 0.169160 95.746223 0.438846 -0.172457 0.881858 2.188738 0.000000 0.000000 0.000000 1.000000
0.904978 0.031029 -0.424325 0.784874 0.042270 0.985845 0.162242 94.647316 0.423353 -0.164762 0.890857 2.288995 0.000000 0.000000 0.000000 1.000000
0.914736 0.024345 -0.403318 1.022092 0.042777 0.986738 0.156581 93.970673 0.401781 -0.160483 0.901564 2.330969 0.000000 0.000000 0.000000 1.000000
0.924738 0.014463 -0.380330 1.120463 0.048419 0.986689 0.155246 93.596260 0.377512 -0.161977 0.911728 2.160012 0.000000 0.000000 0.000000 1.000000
0.932250 0.003268 -0.361800 1.170836 0.058665 0.985362 0.160063 93.271179 0.357027 -0.170444 0.918412 1.628076 0.000000 0.000000 0.000000 1.000000
0.936169 -0.010251 -0.351402 1.355848 0.074989 0.982392 0.171120 92.842613 0.343460 -0.186548 0.920454 0.800026 0.000000 0.000000 0.000000 1.000000
0.937375 -0.024050 -0.347490 1.781421 0.094709 0.977626 0.187822 92.321419 0.335198 -0.208970 0.918680 -0.032682 0.000000 0.000000 0.000000 1.000000
0.937267 -0.031783 -0.347160 2.347126 0.110200 0.971783 0.208551 91.897217 0.330736 -0.233726 0.914323 -0.592925 0.000000 0.000000 0.000000 1.000000
0.936307 -0.031181 -0.349796 2.861908 0.118230 0.965894 0.230369 91.895103 0.330683 -0.257052 0.908060 -0.852986 0.000000 0.000000 0.000000 1.000000
0.934085 -0.026866 -0.356040 3.239897 0.122938 0.960393 0.250064 92.470123 0.335220 -0.277352 0.900391 -0.929703 0.000000 0.000000 0.000000 1.000000
0.930217 -0.023076 -0.366283 3.532616 0.127883 0.955854 0.264554 93.482124 0.344008 -0.292934 0.892103 -0.841217 0.000000 0.000000 0.000000 1.000000
0.924403 -0.020473 -0.380866 3.809309 0.133050 0.953143 0.271690 94.653130 0.357458 -0.301825 0.883813 -0.521463 0.000000 0.000000 0.000000 1.000000
0.916650 -0.018233 -0.399274 4.066336 0.137373 0.952474 0.271885 95.805824 0.375341 -0.304073 0.875590 0.011894 0.000000 0.000000 0.000000 1.000000
0.907325 -0.015528 -0.420143 4.250511 0.140189 0.953301 0.267514 96.851280 0.396369 -0.301621 0.867131 0.651751 0.000000 0.000000 0.000000 1.000000
0.896448 -0.012126 -0.442984 4.331367 0.141820 0.954904 0.260855 97.680069 0.419844 -0.296666 0.857741 1.312955 0.000000 0.000000 0.000000 1.000000
0.883450 -0.007378 -0.468468 4.330446 0.142592 0.956678 0.253838 98.203247 0.446300 -0.291053 0.846230 1.951889 0.000000 0.000000 0.000000 1.000000
0.868352 0.001099 -0.495947 4.290686 0.140724 0.958351 0.248517 98.398102 0.475564 -0.285592 0.832031 2.541100 0.000000 0.000000 0.000000 1.000000
0.852690 0.015627 -0.522184 4.228941 0.133280 0.959969 0.246365 98.287903 0.505131 -0.279669 0.816473 3.087797 0.000000 0.000000 0.000000 1.000000
0.838412 0.035589 -0.543873 4.127465 0.119737 0.961462 0.247496 97.930038 0.531721 -0.272626 0.801840 3.642418 0.000000 0.000000 0.000000 1.000000
0.826154 0.057849 -0.560467 3.961385 0.102795 0.962546 0.250874 97.416367 0.553988 -0.264873 0.789265 4.244082 0.000000 0.000000 0.000000 1.000000
0.815167 0.080150 -0.573654 3.712162 0.084904 0.963148 0.255219 96.810143 0.572969 -0.256752 0.778322 4.867566 0.000000 0.000000 0.000000 1.000000
0.804232 0.102471 -0.585415 3.368326 0.065941 0.963557 0.259249 96.060173 0.590646 -0.247099 0.768166 5.431008 0.000000 0.000000 0.000000 1.000000
0.792480 0.121893 -0.597593 2.935522 0.048302 0.964204 0.260726 95.139206 0.607982 -0.235485 0.758225 5.780791 0.000000 0.000000 0.000000 1.000000
0.780533 0.134308 -0.610516 2.438077 0.034809 0.965793 0.256968 94.028305 0.624145 -0.221824 0.749158 5.721527 0.000000 0.000000 0.000000 1.000000
0.770688 0.137791 -0.622136 1.888907 0.026805 0.968465 0.247703 92.843369 0.636648 -0.207578 0.742691 5.085306 0.000000 0.000000 0.000000 1.000000
0.765325 0.136786 -0.628941 1.282251 0.020971 0.971339 0.236771 91.888237 0.643302 -0.194396 0.740522 3.863441 0.000000 0.000000 0.000000 1.000000
0.764540 0.139439 -0.629313 0.651535 0.011471 0.973223 0.229576 91.485352 0.644474 -0.182739 0.742469 2.182200 0.000000 0.000000 0.000000 1.000000
0.766632 0.149120 -0.624530 0.083203 -0.003740 0.973678 0.227896 91.718521 0.642076 -0.172377 0.747011 0.239452 0.000000 0.000000 0.000000 1.000000
0.771445 0.158360 -0.616275 -0.388656 -0.018040 0.973589 0.227594 92.355186 0.636040 -0.164459 0.753927 -1.617471 0.000000 0.000000 0.000000 1.000000
0.781222 0.155129 -0.604671 -0.804334 -0.020646 0.974522 0.223341 93.120155 0.623911 -0.161995 0.764521 -2.997456 0.000000 0.000000 0.000000 1.000000
0.796706 0.137484 -0.588522 -1.163104 -0.008527 0.976242 0.216515 93.996407 0.604307 -0.167480 0.778950 -3.817328 0.000000 0.000000 0.000000 1.000000
0.814715 0.117422 -0.567848 -1.403166 0.008571 0.976736 0.214272 95.047310 0.579798 -0.179438 0.794756 -4.179383 0.000000 0.000000 0.000000 1.000000
0.830205 0.106503 -0.547190 -1.485218 0.018902 0.975638 0.218573 96.165665 0.557138 -0.191803 0.807966 -4.091153 0.000000 0.000000 0.000000 1.000000
0.840253 0.102823 -0.532355 -1.439961 0.022374 0.974441 0.223526 97.201805 0.541733 -0.199729 0.816477 -3.582687 0.000000 0.000000 0.000000 1.000000
0.846336 0.097619 -0.523627 -1.342603 0.026422 0.974158 0.224316 98.098579 0.531993 -0.203682 0.821886 -2.791265 0.000000 0.000000 0.000000 1.000000
0.852161 0.086757 -0.516038 -1.249190 0.034652 0.974640 0.221080 98.842216 0.522131 -0.206277 0.827544 -1.869312 0.000000 0.000000 0.000000 1.000000
0.859986 0.070644 -0.505405 -1.163911 0.046382 0.975453 0.215268 99.453224 0.508206 -0.208569 0.835599 -0.914526 0.000000 0.000000 0.000000 1.000000
0.869114 0.052176 -0.491852 -1.059470 0.058704 0.976510 0.207319 99.976486 0.491116 -0.209058 0.845636 0.062957 0.000000 0.000000 0.000000 1.000000
0.877467 0.034025 -0.478429 -0.913528 0.069467 0.977948 0.196957 100.427284 0.474581 -0.206058 0.855753 1.074131 0.000000 0.000000 0.000000 1.000000</float_array>
        <technique_common>
          <accessor source="#mixamorig_Hips-Matrix-animation-output-transform-array" count="43" stride="16">
            <param type="float4x4"/>
          </accessor>
        </technique_common>
      </source>
      <source id="mixamorig_Hips-Interpolations">
        <Name_array id="mixamorig_Hips-Interpolations-array" count="43">
 LINEAR LINEAR LINEAR LINEAR LINEAR LINEAR LINEAR LINEAR LINEAR LINEAR LINEAR
LINEAR LINEAR LINEAR LINEAR LINEAR LINEAR LINEAR LINEAR LINEAR LINEAR LINEAR LINEAR
LINEAR LINEAR LINEAR LINEAR LINEAR LINEAR LINEAR LINEAR LINEAR LINEAR LINEAR LINEAR
LINEAR LINEAR LINEAR LINEAR LINEAR LINEAR LINEAR LINEAR</Name_array>
        <technique_common>
          <accessor source="#mixamorig_Hips-Interpolations-array" count="43">
            <param type="name"/>
          </accessor>
        </technique_common>
      </source>
      <sampler id="mixamorig_Hips-Matrix-animation-transform">
        <input semantic="INPUT" source="#mixamorig_Hips-Matrix-animation-input"/>
        <input semantic="OUTPUT" source="#mixamorig_Hips-Matrix-animation-output-transform"/>
        <input semantic="INTERPOLATION" source="#mixamorig_Hips-Interpolations"/>
      </sampler>
      <channel source="#mixamorig_Hips-Matrix-animation-transform" target="mixamorig_Hips/matrix"/>
    </animation>
    <animation id="mixamorig_Spine-anim" name="mixamorig_Spine">
      <source id="mixamorig_Spine-Matrix-animation-input">
        <float_array id="mixamorig_Spine-Matrix-animation-input-array" count="43">

0.000000 0.033333 0.066667 0.100000 0.133333 0.166667 0.200000 0.233333 0.266667 0.300000 0.333333 0.366667 0.400000 0.433333 0.466667 0.500000
0.533333 0.566667 0.600000 0.633333 0.666667 0.700000 0.733333 0.766667 0.800000 0.833333 0.866667 0.900000 0.933333 0.966667 1.000000 1.033333
1.066667 1.100000 1.133333 1.166667 1.200000 1.233333 1.266667 1.300000 1.333333 1.366667 1.400000</float_array>
        <technique_common>
          <accessor source="#mixamorig_Spine-Matrix-animation-input-array" count="43">
            <param name="TIME" type="float"/>
          </accessor>
        </technique_common>
      </source>
      <source id="mixamorig_Spine-Matrix-animation-output-transform">
        <float_array id="mixamorig_Spine-Matrix-animation-output-transform-array" count="688">

0.995596 0.026710 -0.089861 0.004700 -0.030490 0.998696 -0.040954 5.245300 0.088650 0.043514 0.995112 0.258800 0.000000 0.000000 0.000000 1.000000
0.994446 0.023662 -0.102552 0.004700 -0.026506 0.999298 -0.026457 5.245300 0.101854 0.029029 0.994376 0.258800 0.000000 0.000000 0.000000 1.000000
0.992788 0.021618 -0.117916 0.004700 -0.023071 0.999674 -0.010970 5.245300 0.117641 0.013611 0.992963 0.258800 0.000000 0.000000 0.000000 1.000000
0.990742 0.019980 -0.134283 0.004700 -0.019625 0.999800 0.003968 5.245300 0.134335 -0.001296 0.990935 0.258800 0.000000 0.000000 0.000000 1.000000
0.988245 0.018823 -0.151714 0.004700 -0.016165 0.999694 0.018731 5.245300 0.152020 -0.016058 0.988247 0.258800 0.000000 0.000000 0.000000 1.000000
0.985104 0.020357 -0.170753 0.004700 -0.014723 0.999307 0.034199 5.245300 0.171331 -0.031176 0.984720 0.258800 0.000000 0.000000 0.000000 1.000000
0.981469 0.028540 -0.189483 0.004700 -0.019487 0.998586 0.049469 5.245300 0.190627 -0.044860 0.980637 0.258800 0.000000 0.000000 0.000000 1.000000
0.977977 0.045139 -0.203771 0.004700 -0.033350 0.997585 0.060926 5.245300 0.206029 -0.052789 0.977121 0.258800 0.000000 0.000000 0.000000 1.000000
0.975024 0.068164 -0.211382 0.004700 -0.055833 0.996402 0.063771 5.245300 0.214968 -0.050376 0.975321 0.258800 0.000000 0.000000 0.000000 1.000000
0.972438 0.094475 -0.213164 0.004700 -0.084414 0.994865 0.055840 5.245300 0.217345 -0.036307 0.975419 0.258800 0.000000 0.000000 0.000000 1.000000
0.970379 0.117394 -0.211149 0.004700 -0.111939 0.993002 0.037648 5.245300 0.214091 -0.012897 0.976729 0.258800 0.000000 0.000000 0.000000 1.000000
0.969696 0.129319 -0.207281 0.004700 -0.129746 0.991480 0.011593 5.245300 0.207014 0.015652 0.978213 0.258800 0.000000 0.000000 0.000000 1.000000
0.970336 0.130943 -0.203231 0.004700 -0.137427 0.990347 -0.018066 5.245300 0.198903 0.045460 0.978964 0.258800 0.000000 0.000000 0.000000 1.000000
0.971266 0.129793 -0.199492 0.004700 -0.141780 0.988783 -0.046965 5.245300 0.191158 0.073900 0.978773 0.258800 0.000000 0.000000 0.000000 1.000000
0.972451 0.128593 -0.194432 0.004700 -0.144810 0.986867 -0.071574 5.245300 0.182674 0.097758 0.978301 0.258800 0.000000 0.000000 0.000000 1.000000
0.974628 0.124726 -0.185860 0.004700 -0.143110 0.985699 -0.088974 5.245300 0.172105 0.113315 0.978540 0.258800 0.000000 0.000000 0.000000 1.000000
0.977778 0.117219 -0.173807 0.004700 -0.135629 0.985892 -0.098095 5.245300 0.159857 0.119488 0.979882 0.258800 0.000000 0.000000 0.000000 1.000000
0.981259 0.108138 -0.159487 0.004700 -0.125055 0.987083 -0.100137 5.245300 0.146598 0.118205 0.982108 0.258800 0.000000 0.000000 0.000000 1.000000
0.984650 0.100230 -0.142890 0.004700 -0.114757 0.988615 -0.097318 5.245300 0.131509 0.112222 0.984942 0.258800 0.000000 0.000000 0.000000 1.000000
0.987861 0.094587 -0.123225 0.004700 -0.106390 0.989965 -0.093004 5.245300 0.113192 0.104985 0.988011 0.258800 0.000000 0.000000 0.000000 1.000000
0.990916 0.088708 -0.101076 0.004700 -0.098007 0.991008 -0.091088 5.245300 0.092087 0.100166 0.990700 0.258800 0.000000 0.000000 0.000000 1.000000
0.993809 0.078405 -0.078723 0.004700 -0.085615 0.991994 -0.092834 5.245300 0.070814 0.098999 0.992565 0.258800 0.000000 0.000000 0.000000 1.000000
0.996329 0.063036 -0.057921 0.004700 -0.068427 0.992991 -0.096369 5.245300 0.051440 0.099979 0.993659 0.258800 0.000000 0.000000 0.000000 1.000000
0.998182 0.046208 -0.038703 0.004700 -0.049864 0.993784 -0.099531 5.245300 0.033863 0.101280 0.994281 0.258800 0.000000 0.000000 0.000000 1.000000
0.999314 0.030609 -0.020839 0.004700 -0.032571 0.994307 -0.101452 5.245300 0.017615 0.102061 0.994622 0.258800 0.000000 0.000000 0.000000 1.000000
0.999869 0.015549 -0.004418 0.004700 -0.015918 0.994678 -0.101791 5.245300 0.002811 0.101848 0.994796 0.258800 0.000000 0.000000 0.000000 1.000000
0.999941 0.002986 0.010491 0.004700 -0.001932 0.995072 -0.099133 5.245300 -0.010735 0.099107 0.995019 0.258800 0.000000 0.000000 0.000000 1.000000
0.999727 -0.003804 0.023063 0.004700 0.005904 0.995770 -0.091686 5.245300 -0.022616 0.091797 0.995521 0.258800 0.000000 0.000000 0.000000 1.000000
0.999483 -0.002331 0.032056 0.004700 0.004907 0.996743 -0.080494 5.245300 -0.031764 0.080610 0.996239 0.258800 0.000000 0.000000 0.000000 1.000000
0.999286 0.004016 0.037564 0.004700 -0.001346 0.997487 -0.070838 5.245300 -0.037754 0.070736 0.996780 0.258800 0.000000 0.000000 0.000000 1.000000
0.999076 0.006636 0.042458 0.004700 -0.003687 0.997598 -0.069166 5.245300 -0.042815 0.068945 0.996701 0.258800 0.000000 0.000000 0.000000 1.000000
0.998800 -0.000529 0.048970 0.004700 0.004282 0.997056 -0.076563 5.245300 -0.048785 0.076681 0.995861 0.258800 0.000000 0.000000 0.000000 1.000000
0.998481 -0.012287 0.053718 0.004700 0.016835 0.996236 -0.085036 5.245300 -0.052470 0.085812 0.994929 0.258800 0.000000 0.000000 0.000000 1.000000
0.998661 -0.014303 0.049710 0.004700 0.018558 0.996103 -0.086225 5.245300 -0.048283 0.087032 0.995035 0.258800 0.000000 0.000000 0.000000 1.000000
0.999394 0.001436 0.034765 0.004700 0.001465 0.996525 -0.083282 5.245300 -0.034764 0.083282 0.995919 0.258800 0.000000 0.000000 0.000000 1.000000
0.999578 0.024908 0.014947 0.004700 -0.023532 0.996010 -0.086087 5.245300 -0.017032 0.085699 0.996175 0.258800 0.000000 0.000000 0.000000 1.000000
0.999257 0.038502 -0.001755 0.004700 -0.038493 0.994632 -0.096046 5.245300 -0.001952 0.096042 0.995375 0.258800 0.000000 0.000000 0.000000 1.000000
0.999209 0.037309 -0.013745 0.004700 -0.038535 0.993866 -0.103663 5.245300 0.009793 0.104111 0.994517 0.258800 0.000000 0.000000 0.000000 1.000000
0.999226 0.030043 -0.025377 0.004700 -0.032473 0.994304 -0.101512 5.245300 0.022183 0.102257 0.994511 0.258800 0.000000 0.000000 0.000000 1.000000
0.998891 0.025240 -0.039733 0.004700 -0.028768 0.995446 -0.090883 5.245300 0.037258 0.091926 0.995069 0.258800 0.000000 0.000000 0.000000 1.000000
0.998093 0.025181 -0.056364 0.004700 -0.029433 0.996679 -0.075926 5.245300 0.054265 0.077440 0.995519 0.258800 0.000000 0.000000 0.000000 1.000000
0.996923 0.026740 -0.073687 0.004700 -0.031123 0.997774 -0.058985 5.245300 0.071945 0.061096 0.995536 0.258800 0.000000 0.000000 0.000000 1.000000
0.995596 0.026710 -0.089861 0.004700 -0.030489 0.998696 -0.040954 5.245300 0.088650 0.043514 0.995112 0.258800 0.000000 0.000000 0.000000 1.000000</float_array>
        <technique_common>
          <accessor source="#mixamorig_Spine-Matrix-animation-output-transform-array" count="43" stride="16">
            <param type="float4x4"/>
          </accessor>
        </technique_common>
      </source>
      <source id="mixamorig_Spine-Interpolations">
        <Name_array id="mixamorig_Spine-Interpolations-array" count="43">
 LINEAR LINEAR LINEAR LINEAR LINEAR LINEAR LINEAR LINEAR LINEAR LINEAR LINEAR
LINEAR LINEAR LINEAR LINEAR LINEAR LINEAR LINEAR LINEAR LINEAR LINEAR LINEAR LINEAR
LINEAR LINEAR LINEAR LINEAR LINEAR LINEAR LINEAR LINEAR LINEAR LINEAR LINEAR LINEAR
LINEAR LINEAR LINEAR LINEAR LINEAR LINEAR LINEAR LINEAR</Name_array>
        <technique_common>
          <accessor source="#mixamorig_Spine-Interpolations-array" count="43">
            <param type="name"/>
          </accessor>
        </technique_common>
      </source>
      <sampler id="mixamorig_Spine-Matrix-animation-transform">
        <input semantic="INPUT" source="#mixamorig_Spine-Matrix-animation-input"/>
        <input semantic="OUTPUT" source="#mixamorig_Spine-Matrix-animation-output-transform"/>
        <input semantic="INTERPOLATION" source="#mixamorig_Spine-Interpolations"/>
      </sampler>
      <channel source="#mixamorig_Spine-Matrix-animation-transform" target="mixamorig_Spine/matrix"/>
    </animation>
    <animation id="mixamorig_Spine1-anim" name="mixamorig_Spine1">
      <source id="mixamorig_Spine1-Matrix-animation-input">
        <float_array id="mixamorig_Spine1-Matrix-animation-input-array" count="43">

0.000000 0.033333 0.066667 0.100000 0.133333 0.166667 0.200000 0.233333 0.266667 0.300000 0.333333 0.366667 0.400000 0.433333 0.466667 0.500000
0.533333 0.566667 0.600000 0.633333 0.666667 0.700000 0.733333 0.766667 0.800000 0.833333 0.866667 0.900000 0.933333 0.966667 1.000000 1.033333
1.066667 1.100000 1.133333 1.166667 1.200000 1.233333 1.266667 1.300000 1.333333 1.366667 1.400000</float_array>
        <technique_common>
          <accessor source="#mixamorig_Spine1-Matrix-animation-input-array" count="43">
            <param name="TIME" type="float"/>
          </accessor>
        </technique_common>
      </source>
      <source id="mixamorig_Spine1-Matrix-animation-output-transform">
        <float_array id="mixamorig_Spine1-Matrix-animation-output-transform-array" count="688">

0.999898 0.007168 -0.012324 -0.000000 -0.009671 0.976146 -0.216900 11.066900 0.010476 0.216997 0.976116 0.000000 0.000000 0.000000 0.000000 1.000000
0.999887 0.005495 -0.013957 0.000000 -0.008393 0.976145 -0.216958 11.066900 0.012432 0.217051 0.976081 0.000000 0.000000 0.000000 0.000000 1.000000
0.999865 0.003854 -0.015982 0.000000 -0.007233 0.976118 -0.217121 11.066900 0.014764 0.217207 0.976014 0.000000 0.000000 0.000000 0.000000 1.000000
0.999829 0.003082 -0.018222 0.000000 -0.006974 0.976015 -0.217593 11.066900 0.017114 0.217683 0.975870 0.000000 0.000000 0.000000 0.000000 1.000000
0.999779 0.003049 -0.020787 0.000000 -0.007516 0.975847 -0.218326 11.066900 0.019620 0.218434 0.975655 0.000000 0.000000 0.000000 0.000000 1.000000
0.999713 0.002610 -0.023829 -0.000000 -0.007768 0.975684 -0.219042 11.066900 0.022678 0.219165 0.975424 -0.000000 0.000000 0.000000 0.000000 1.000000
0.999635 0.000805 -0.026998 0.000000 -0.006716 0.975574 -0.219567 11.066900 0.026162 0.219669 0.975224 -0.000000 0.000000 0.000000 0.000000 1.000000
0.999563 -0.002079 -0.029503 -0.000000 -0.004463 0.975501 -0.219950 11.066900 0.029238 0.219985 0.975065 -0.000000 0.000000 0.000000 0.000000 1.000000
0.999509 -0.004866 -0.030955 0.000000 -0.002073 0.975436 -0.220273 11.066900 0.031266 0.220229 0.974947 0.000000 0.000000 0.000000 0.000000 1.000000
0.999481 -0.006159 -0.031627 -0.000000 -0.000958 0.975451 -0.220213 11.066900 0.032207 0.220129 0.974939 0.000000 0.000000 0.000000 0.000000 1.000000
0.999477 -0.005299 -0.031913 0.000000 -0.001829 0.975661 -0.219279 11.066900 0.032299 0.219222 0.975140 -0.000000 0.000000 0.000000 0.000000 1.000000
0.999486 -0.003057 -0.031907 0.000000 -0.003964 0.976009 -0.217694 11.066900 0.031807 0.217708 0.975495 0.000000 0.000000 0.000000 0.000000 1.000000
0.999501 -0.001080 -0.031584 0.000000 -0.005780 0.976309 -0.216306 11.066900 0.031069 0.216380 0.975815 -0.000000 0.000000 0.000000 0.000000 1.000000
0.999519 -0.000210 -0.031014 0.000000 -0.006486 0.976454 -0.215626 11.066900 0.030329 0.215723 0.975983 0.000000 0.000000 0.000000 0.000000 1.000000
0.999546 0.000363 -0.030131 -0.000000 -0.006853 0.976464 -0.215572 11.066900 0.029344 0.215680 0.976023 0.000000 0.000000 0.000000 0.000000 1.000000
0.999586 0.001653 -0.028728 0.000000 -0.007819 0.976384 -0.215899 11.066900 0.027693 0.216034 0.975993 0.000000 0.000000 0.000000 0.000000 1.000000
0.999635 0.003393 -0.026816 -0.000000 -0.009118 0.976269 -0.216371 11.066900 0.025446 0.216537 0.975943 -0.000000 0.000000 0.000000 0.000000 1.000000
0.999687 0.004787 -0.024536 0.000000 -0.009996 0.976156 -0.216842 11.066900 0.022913 0.217019 0.975898 0.000000 0.000000 0.000000 0.000000 1.000000
0.999746 0.005653 -0.021835 -0.000000 -0.010264 0.976057 -0.217274 11.066900 0.020084 0.217443 0.975866 0.000000 0.000000 0.000000 0.000000 1.000000
0.999808 0.006207 -0.018610 0.000000 -0.010107 0.976018 -0.217455 11.066900 0.016814 0.217601 0.975893 0.000000 0.000000 0.000000 0.000000 1.000000
0.999865 0.006634 -0.015026 -0.000000 -0.009738 0.976114 -0.217041 11.066900 0.013227 0.217158 0.976047 0.000000 0.000000 0.000000 0.000000 1.000000
0.999908 0.007133 -0.011511 0.000000 -0.009453 0.976305 -0.216190 11.066900 0.009696 0.216279 0.976283 0.000000 0.000000 0.000000 0.000000 1.000000
0.999932 0.008146 -0.008314 0.000000 -0.009747 0.976431 -0.215611 11.066900 0.006362 0.215678 0.976444 0.000000 0.000000 0.000000 0.000000 1.000000
0.999936 0.010017 -0.005344 0.000000 -0.010934 0.976403 -0.215681 11.066900 0.003057 0.215726 0.976449 0.000000 0.000000 0.000000 0.000000 1.000000
0.999919 0.012485 -0.002507 -0.000000 -0.012732 0.976307 -0.216014 11.066900 -0.000250 0.216028 0.976387 0.000000 0.000000 0.000000 0.000000 1.000000
0.999887 0.015055 0.000213 -0.000000 -0.014653 0.976248 -0.216159 11.066900 -0.003462 0.216131 0.976358 -0.000000 0.000000 0.000000 0.000000 1.000000
0.999848 0.017214 0.002794 0.000000 -0.016203 0.976244 -0.216068 11.066900 -0.006447 0.215990 0.976374 -0.000000 0.000000 0.000000 0.000000 1.000000
0.999820 0.018308 0.005064 0.000000 -0.016785 0.976315 -0.215703 11.066900 -0.008893 0.215579 0.976446 0.000000 0.000000 0.000000 0.000000 1.000000
0.999815 0.018007 0.006699 0.000000 -0.016146 0.976483 -0.214990 11.066900 -0.010413 0.214842 0.976593 0.000000 0.000000 0.000000 0.000000 1.000000
0.999824 0.017151 0.007582 0.000000 -0.015128 0.976655 -0.214280 11.066900 -0.011080 0.214128 0.976743 -0.000000 0.000000 0.000000 0.000000 1.000000
0.999816 0.017375 0.008153 0.000000 -0.015229 0.976711 -0.214018 11.066900 -0.011682 0.213854 0.976796 0.000000 0.000000 0.000000 0.000000 1.000000
0.999775 0.019231 0.008946 0.000000 -0.016870 0.976647 -0.214188 11.066900 -0.012856 0.213989 0.976752 0.000000 0.000000 0.000000 0.000000 1.000000
0.999727 0.021319 0.009603 0.000000 -0.018761 0.976483 -0.214775 11.066900 -0.013956 0.214536 0.976616 0.000000 0.000000 0.000000 0.000000 1.000000
0.999727 0.021607 0.008942 0.000000 -0.019170 0.976268 -0.215718 11.066900 -0.013390 0.215487 0.976415 0.000000 0.000000 0.000000 0.000000 1.000000
0.999789 0.019518 0.006412 0.000000 -0.017669 0.976159 -0.216336 11.066900 -0.010482 0.216177 0.976298 -0.000000 0.000000 0.000000 0.000000 1.000000
0.999858 0.016561 0.002968 0.000000 -0.015529 0.976240 -0.216133 11.066900 -0.006477 0.216056 0.976359 0.000000 0.000000 0.000000 0.000000 1.000000
0.999895 0.014482 0.000064 0.000000 -0.014127 0.976393 -0.215541 11.066900 -0.003184 0.215518 0.976495 0.000000 0.000000 0.000000 0.000000 1.000000
0.999908 0.013467 -0.001862 0.000000 -0.013552 0.976466 -0.215244 11.066900 -0.001081 0.215249 0.976559 0.000000 0.000000 0.000000 0.000000 1.000000
0.999914 0.012655 -0.003457 0.000000 -0.013102 0.976438 -0.215400 11.066900 0.000650 0.215427 0.976520 0.000000 0.000000 0.000000 0.000000 1.000000
0.999919 0.011565 -0.005332 -0.000000 -0.012444 0.976352 -0.215827 11.066900 0.002710 0.215876 0.976417 0.000000 0.000000 0.000000 0.000000 1.000000
0.999919 0.010235 -0.007593 -0.000000 -0.011635 0.976248 -0.216342 11.066900 0.005198 0.216412 0.976288 -0.000000 0.000000 0.000000 0.000000 1.000000
0.999911 0.008748 -0.010043 0.000000 -0.010718 0.976163 -0.216773 11.066900 0.007907 0.216862 0.976170 -0.000000 0.000000 0.000000 0.000000 1.000000
0.999898 0.007168 -0.012325 0.000000 -0.009671 0.976146 -0.216900 11.066900 0.010476 0.216997 0.976116 0.000000 0.000000 0.000000 0.000000 1.000000</float_array>
        <technique_common>
          <accessor source="#mixamorig_Spine1-Matrix-animation-output-transform-array" count="43" stride="16">
            <param type="float4x4"/>
          </accessor>
        </technique_common>
      </source>
      <source id="mixamorig_Spine1-Interpolations">
        <Name_array id="mixamorig_Spine1-Interpolations-array" count="43">
 LINEAR LINEAR LINEAR LINEAR LINEAR LINEAR LINEAR LINEAR LINEAR LINEAR LINEAR
LINEAR LINEAR LINEAR LINEAR LINEAR LINEAR LINEAR LINEAR LINEAR LINEAR LINEAR LINEAR
LINEAR LINEAR LINEAR LINEAR LINEAR LINEAR LINEAR LINEAR LINEAR LINEAR LINEAR LINEAR
LINEAR LINEAR LINEAR LINEAR LINEAR LINEAR LINEAR LINEAR</Name_array>
        <technique_common>
          <accessor source="#mixamorig_Spine1-Interpolations-array" count="43">
            <param type="name"/>
          </accessor>
        </technique_common>
      </source>
      <sampler id="mixamorig_Spine1-Matrix-animation-transform">
        <input semantic="INPUT" source="#mixamorig_Spine1-Matrix-animation-input"/>
        <input semantic="OUTPUT" source="#mixamorig_Spine1-Matrix-animation-output-transform"/>
        <input semantic="INTERPOLATION" source="#mixamorig_Spine1-Interpolations"/>
      </sampler>
      <channel source="#mixamorig_Spine1-Matrix-animation-transform" target="mixamorig_Spine1/matrix"/>
    </animation>
    <animation id="mixamorig_Spine2-anim" name="mixamorig_Spine2">
      <source id="mixamorig_Spine2-Matrix-animation-input">
        <float_array id="mixamorig_Spine2-Matrix-animation-input-array" count="43">

0.000000 0.033333 0.066667 0.100000 0.133333 0.166667 0.200000 0.233333 0.266667 0.300000 0.333333 0.366667 0.400000 0.433333 0.466667 0.500000
0.533333 0.566667 0.600000 0.633333 0.666667 0.700000 0.733333 0.766667 0.800000 0.833333 0.866667 0.900000 0.933333 0.966667 1.000000 1.033333
1.066667 1.100000 1.133333 1.166667 1.200000 1.233333 1.266667 1.300000 1.333333 1.366667 1.400000</float_array>
        <technique_common>
          <accessor source="#mixamorig_Spine2-Matrix-animation-input-array" count="43">
            <param name="TIME" type="float"/>
          </accessor>
        </technique_common>
      </source>
      <source id="mixamorig_Spine2-Matrix-animation-output-transform">
        <float_array id="mixamorig_Spine2-Matrix-animation-output-transform-array" count="688">

0.999881 0.005631 -0.014380 0.000000 -0.011043 0.911628 -0.410867 8.141900 0.010796 0.410977 0.911582 -0.000000 0.000000 0.000000 0.000000 1.000000
0.999867 0.003840 -0.015859 0.000000 -0.010019 0.911608 -0.410939 8.141900 0.012879 0.411043 0.911525 0.000000 0.000000 0.000000 0.000000 1.000000
0.999840 0.002053 -0.017749 0.000000 -0.009169 0.911540 -0.411109 8.141900 0.015334 0.411206 0.911414 0.000000 0.000000 0.000000 0.000000 1.000000
0.999800 0.001117 -0.019966 0.000000 -0.009237 0.911338 -0.411554 8.141900 0.017736 0.411656 0.911167 0.000000 0.000000 0.000000 0.000000 1.000000
0.999744 0.000890 -0.022605 -0.000000 -0.010131 0.911025 -0.412227 8.141900 0.020227 0.412351 0.910801 -0.000000 0.000000 0.000000 0.000000 1.000000
0.999671 0.000218 -0.025664 0.000000 -0.010799 0.910717 -0.412890 8.141900 0.023282 0.413031 0.910419 -0.000000 0.000000 0.000000 0.000000 1.000000
0.999588 -0.001813 -0.028657 0.000000 -0.010201 0.910488 -0.413410 8.141900 0.026842 0.413532 0.910094 0.000000 0.000000 0.000000 0.000000 1.000000
0.999514 -0.004849 -0.030804 -0.000000 -0.008338 0.910307 -0.413851 8.141900 0.030048 0.413906 0.909823 0.000000 0.000000 0.000000 0.000000 1.000000
0.999463 -0.007705 -0.031838 0.000000 -0.006180 0.910129 -0.414279 8.141900 0.032169 0.414253 0.909593 0.000000 0.000000 0.000000 0.000000 1.000000
0.999441 -0.009051 -0.032193 0.000000 -0.005105 0.910104 -0.414349 8.141900 0.033049 0.414282 0.909548 0.000000 0.000000 0.000000 0.000000 1.000000
0.999442 -0.008292 -0.032363 0.000000 -0.005838 0.910461 -0.413555 8.141900 0.032894 0.413513 0.909904 0.000000 0.000000 0.000000 0.000000 1.000000
0.999455 -0.006192 -0.032420 -0.000000 -0.007722 0.911114 -0.412081 8.141900 0.032090 0.412107 0.910570 -0.000000 0.000000 0.000000 0.000000 1.000000
0.999472 -0.004335 -0.032197 -0.000000 -0.009278 0.911698 -0.410755 8.141900 0.031134 0.410837 0.911177 0.000000 0.000000 0.000000 0.000000 1.000000
0.999493 -0.003519 -0.031658 0.000000 -0.009779 0.911988 -0.410100 8.141900 0.030315 0.410202 0.911491 -0.000000 0.000000 0.000000 0.000000 1.000000
0.999521 -0.002926 -0.030810 -0.000000 -0.009969 0.912017 -0.410031 8.141900 0.029299 0.410141 0.911551 0.000000 0.000000 0.000000 0.000000 1.000000
0.999562 -0.001536 -0.029564 0.000000 -0.010733 0.911894 -0.410286 8.141900 0.027590 0.410423 0.911478 0.000000 0.000000 0.000000 0.000000 1.000000
0.999611 0.000376 -0.027901 0.000000 -0.011805 0.911717 -0.410650 8.141900 0.025284 0.410819 0.911366 0.000000 0.000000 0.000000 0.000000 1.000000
0.999664 0.001999 -0.025855 -0.000000 -0.012453 0.911544 -0.411014 8.141900 0.022746 0.411198 0.911262 0.000000 0.000000 0.000000 0.000000 1.000000
0.999723 0.003153 -0.023332 -0.000000 -0.012475 0.911388 -0.411359 8.141900 0.019968 0.411536 0.911175 -0.000000 0.000000 0.000000 0.000000 1.000000
0.999787 0.004054 -0.020240 0.000000 -0.012025 0.911338 -0.411484 8.141900 0.016777 0.411639 0.911192 -0.000000 0.000000 0.000000 0.000000 1.000000
0.999848 0.004855 -0.016767 -0.000000 -0.011319 0.911538 -0.411060 8.141900 0.013288 0.411187 0.911454 0.000000 0.000000 0.000000 0.000000 1.000000
0.999894 0.005702 -0.013375 -0.000000 -0.010688 0.911920 -0.410228 8.141900 0.009858 0.410328 0.911885 0.000000 0.000000 0.000000 0.000000 1.000000
0.999922 0.007020 -0.010375 0.000000 -0.010655 0.912179 -0.409653 8.141900 0.006588 0.409732 0.912182 0.000000 0.000000 0.000000 0.000000 1.000000
0.999928 0.009172 -0.007710 -0.000000 -0.011525 0.912149 -0.409696 8.141900 0.003275 0.409755 0.912190 0.000000 0.000000 0.000000 0.000000 1.000000
0.999915 0.011908 -0.005244 0.000000 -0.013012 0.911993 -0.410000 8.141900 -0.000100 0.410034 0.912070 -0.000000 0.000000 0.000000 0.000000 1.000000
0.999887 0.014736 -0.002904 0.000000 -0.014631 0.911903 -0.410145 8.141900 -0.003396 0.410141 0.912016 0.000000 0.000000 0.000000 0.000000 1.000000
0.999853 0.017144 -0.000645 -0.000000 -0.015901 0.911911 -0.410080 8.141900 -0.006442 0.410030 0.912049 0.000000 0.000000 0.000000 0.000000 1.000000
0.999828 0.018468 0.001449 0.000000 -0.016252 0.912051 -0.409756 8.141900 -0.008889 0.409662 0.912194 0.000000 0.000000 0.000000 0.000000 1.000000
0.999827 0.018343 0.003107 0.000000 -0.015467 0.912362 -0.409092 8.141900 -0.010339 0.408973 0.912488 0.000000 0.000000 0.000000 0.000000 1.000000
0.999837 0.017587 0.004101 0.000000 -0.014379 0.912681 -0.408419 8.141900 -0.010926 0.408293 0.912785 -0.000000 0.000000 0.000000 0.000000 1.000000
0.999830 0.017867 0.004640 -0.000000 -0.014417 0.912789 -0.408178 8.141900 -0.011528 0.408041 0.912891 -0.000000 0.000000 0.000000 0.000000 1.000000
0.999791 0.019787 0.005157 0.000000 -0.015957 0.912677 -0.408370 8.141900 -0.012788 0.408202 0.912802 0.000000 0.000000 0.000000 0.000000 1.000000
0.999745 0.021920 0.005488 0.000000 -0.017759 0.912380 -0.408960 8.141900 -0.013971 0.408758 0.912536 0.000000 0.000000 0.000000 0.000000 1.000000
0.999744 0.022118 0.004771 0.000000 -0.018221 0.911973 -0.409846 8.141900 -0.013416 0.409654 0.912142 0.000000 0.000000 0.000000 0.000000 1.000000
0.999801 0.019769 0.002575 0.000000 -0.016972 0.911755 -0.410383 8.141900 -0.010461 0.410257 0.911910 0.000000 0.000000 0.000000 0.000000 1.000000
0.999864 0.016482 -0.000374 0.000000 -0.015186 0.911895 -0.410142 8.141900 -0.006419 0.410092 0.912021 0.000000 0.000000 0.000000 0.000000 1.000000
0.999896 0.014134 -0.002918 0.000000 -0.014089 0.912172 -0.409566 8.141900 -0.003127 0.409564 0.912276 0.000000 0.000000 0.000000 0.000000 1.000000
0.999905 0.012938 -0.004680 0.000000 -0.013721 0.912301 -0.409291 8.141900 -0.001026 0.409317 0.912392 -0.000000 0.000000 0.000000 0.000000 1.000000
0.999909 0.011970 -0.006175 0.000000 -0.013449 0.912235 -0.409447 8.141900 0.000732 0.409493 0.912313 0.000000 0.000000 0.000000 0.000000 1.000000
0.999911 0.010696 -0.007918 0.000000 -0.013002 0.912059 -0.409852 8.141900 0.002838 0.409919 0.912118 0.000000 0.000000 0.000000 0.000000 1.000000
0.999908 0.009145 -0.010010 0.000000 -0.012448 0.911849 -0.410336 8.141900 0.005375 0.410423 0.911879 -0.000000 0.000000 0.000000 0.000000 1.000000
0.999897 0.007423 -0.012275 0.000000 -0.011810 0.911674 -0.410743 8.141900 0.008141 0.410846 0.911668 0.000000 0.000000 0.000000 0.000000 1.000000
0.999881 0.005631 -0.014380 0.000000 -0.011043 0.911628 -0.410867 8.141900 0.010796 0.410977 0.911582 0.000000 0.000000 0.000000 0.000000 1.000000</float_array>
        <technique_common>
          <accessor source="#mixamorig_Spine2-Matrix-animation-output-transform-array" count="43" stride="16">
            <param type="float4x4"/>
          </accessor>
        </technique_common>
      </source>
      <source id="mixamorig_Spine2-Interpolations">
        <Name_array id="mixamorig_Spine2-Interpolations-array" count="43">
 LINEAR LINEAR LINEAR LINEAR LINEAR LINEAR LINEAR LINEAR LINEAR LINEAR LINEAR
LINEAR LINEAR LINEAR LINEAR LINEAR LINEAR LINEAR LINEAR LINEAR LINEAR LINEAR LINEAR
LINEAR LINEAR LINEAR LINEAR LINEAR LINEAR LINEAR LINEAR LINEAR LINEAR LINEAR LINEAR
LINEAR LINEAR LINEAR LINEAR LINEAR LINEAR LINEAR LINEAR</Name_array>
        <technique_common>
          <accessor source="#mixamorig_Spine2-Interpolations-array" count="43">
            <param type="name"/>
          </accessor>
        </technique_common>
      </source>
      <sampler id="mixamorig_Spine2-Matrix-animation-transform">
        <input semantic="INPUT" source="#mixamorig_Spine2-Matrix-animation-input"/>
        <input semantic="OUTPUT" source="#mixamorig_Spine2-Matrix-animation-output-transform"/>
        <input semantic="INTERPOLATION" source="#mixamorig_Spine2-Interpolations"/>
      </sampler>
      <channel source="#mixamorig_Spine2-Matrix-animation-transform" target="mixamorig_Spine2/matrix"/>
    </animation>
    <animation id="mixamorig_Neck-anim" name="mixamorig_Neck">
      <source id="mixamorig_Neck-Matrix-animation-input">
        <float_array id="mixamorig_Neck-Matrix-animation-input-array" count="43">

0.000000 0.033333 0.066667 0.100000 0.133333 0.166667 0.200000 0.233333 0.266667 0.300000 0.333333 0.366667 0.400000 0.433333 0.466667 0.500000
0.533333 0.566667 0.600000 0.633333 0.666667 0.700000 0.733333 0.766667 0.800000 0.833333 0.866667 0.900000 0.933333 0.966667 1.000000 1.033333
1.066667 1.100000 1.133333 1.166667 1.200000 1.233333 1.266667 1.300000 1.333333 1.366667 1.400000</float_array>
        <technique_common>
          <accessor source="#mixamorig_Neck-Matrix-animation-input-array" count="43">
            <param name="TIME" type="float"/>
          </accessor>
        </technique_common>
      </source>
      <source id="mixamorig_Neck-Matrix-animation-output-transform">
        <float_array id="mixamorig_Neck-Matrix-animation-output-transform-array" count="688">

0.992060 -0.021710 0.123877 -0.112200 0.025255 0.999313 -0.027119 18.919500 -0.123203 0.030032 0.991927 -3.736100 0.000000 0.000000 0.000000 1.000000
0.992075 -0.022772 0.123566 -0.112200 0.026409 0.999263 -0.027870 18.919500 -0.122840 0.030913 0.991945 -3.736100 0.000000 0.000000 0.000000 1.000000
0.992092 -0.024278 0.123143 -0.112200 0.027931 0.999217 -0.028030 18.919500 -0.122366 0.031248 0.991993 -3.736100 0.000000 0.000000 0.000000 1.000000
0.992161 -0.026718 0.122080 -0.112200 0.030256 0.999171 -0.027221 18.919500 -0.121252 0.030701 0.992147 -3.736100 0.000000 0.000000 0.000000 1.000000
0.992252 -0.029536 0.120684 -0.112200 0.032837 0.999137 -0.025450 18.919500 -0.119828 0.029216 0.992365 -3.736100 0.000000 0.000000 0.000000 1.000000
0.992301 -0.031968 0.119656 -0.112200 0.035007 0.999114 -0.023377 18.919500 -0.118802 0.027386 0.992540 -3.736100 0.000000 0.000000 0.000000 1.000000
0.992300 -0.034280 0.119023 -0.112200 0.037212 0.999054 -0.022495 18.919500 -0.118139 0.026751 0.992637 -3.736100 0.000000 0.000000 0.000000 1.000000
0.992278 -0.036688 0.118479 -0.112200 0.039771 0.998926 -0.023756 18.919500 -0.117481 0.028284 0.992672 -3.736100 0.000000 0.000000 0.000000 1.000000
0.992240 -0.037794 0.118455 -0.112200 0.041112 0.998824 -0.025700 18.919500 -0.117344 0.030371 0.992627 -3.736100 0.000000 0.000000 0.000000 1.000000
0.992193 -0.036591 0.119223 -0.112200 0.040004 0.998852 -0.026359 18.919500 -0.118122 0.030922 0.992518 -3.736100 0.000000 0.000000 0.000000 1.000000
0.992181 -0.033851 0.120129 -0.112200 0.037192 0.998978 -0.025683 18.919500 -0.119137 0.029950 0.992426 -3.736100 0.000000 0.000000 0.000000 1.000000
0.992231 -0.031200 0.120437 -0.112200 0.034407 0.999104 -0.024641 18.919500 -0.119561 0.028593 0.992415 -3.736100 0.000000 0.000000 0.000000 1.000000
0.992289 -0.030245 0.120196 -0.112200 0.033312 0.999167 -0.023591 18.919500 -0.119382 0.027413 0.992470 -3.736100 0.000000 0.000000 0.000000 1.000000
0.992278 -0.031673 0.119920 -0.112200 0.034609 0.999148 -0.022481 18.919500 -0.119106 0.026458 0.992529 -3.736100 0.000000 0.000000 0.000000 1.000000
0.992208 -0.034561 0.119700 -0.112200 0.037402 0.999067 -0.021570 18.919500 -0.118842 0.025879 0.992576 -3.736100 0.000000 0.000000 0.000000 1.000000
0.992169 -0.036980 0.119304 -0.112200 0.039788 0.998982 -0.021240 18.919500 -0.118398 0.025821 0.992630 -3.736100 0.000000 0.000000 0.000000 1.000000
0.992191 -0.037619 0.118922 -0.112200 0.040450 0.998951 -0.021482 18.919500 -0.117989 0.026125 0.992671 -3.736100 0.000000 0.000000 0.000000 1.000000
0.992219 -0.037040 0.118867 -0.112200 0.039894 0.998968 -0.021721 18.919500 -0.117939 0.026294 0.992673 -3.736100 0.000000 0.000000 0.000000 1.000000
0.992211 -0.036608 0.119072 -0.112200 0.039418 0.998995 -0.021333 18.919500 -0.118171 0.025861 0.992656 -3.736100 0.000000 0.000000 0.000000 1.000000
0.992164 -0.036219 0.119579 -0.112200 0.038934 0.999033 -0.020447 18.919500 -0.118723 0.024943 0.992614 -3.736100 0.000000 0.000000 0.000000 1.000000
0.992080 -0.034025 0.120911 -0.112200 0.036709 0.999125 -0.020045 18.919500 -0.120123 0.024325 0.992461 -3.736100 0.000000 0.000000 0.000000 1.000000
0.991948 -0.028696 0.123350 -0.112200 0.031516 0.999283 -0.020972 18.919500 -0.122660 0.024691 0.992142 -3.736100 0.000000 0.000000 0.000000 1.000000
0.991790 -0.022051 0.125965 -0.112200 0.025104 0.999427 -0.022700 18.919500 -0.125393 0.025676 0.991775 -3.736100 0.000000 0.000000 0.000000 1.000000
0.991696 -0.017333 0.127427 -0.112200 0.020541 0.999503 -0.023904 18.919500 -0.126950 0.026323 0.991560 -3.736100 0.000000 0.000000 0.000000 1.000000
